%YAML:1.0
Combiner: !!opencv-matrix
   rows: 152
   cols: 19
   dt: f
   data: [ -1.53262064e-01, 6.80789798e-02, 1.14707865e-01,
       7.12855497e-10, 2.71864206e-01, -9.50503629e-03, -1.73112512e-01,
       5.77583872e-02, 7.53318742e-02, 5.89252524e-02, -5.70697486e-02,
       1.11997321e-01, -3.30877043e-02, -9.17216316e-02, 6.88261073e-03,
       8.07234123e-02, -3.04968715e-01, 1.14030734e-01, 3.66069190e-02,
       -6.80789798e-02, -1.53262064e-01, -7.12770953e-10, 1.14707865e-01,
       3.13281342e-02, 1.33568749e-01, 1.95004465e-03, 1.01719573e-01,
       8.16034600e-02, 2.26107538e-02, -3.15839588e-03, 4.68569063e-03,
       1.45963013e-01, 9.11066588e-03, -4.61963266e-02, 2.96263527e-02,
       1.23369545e-02, -4.37806407e-03, 4.32024635e-02, -1.54557228e-01,
       1.77985094e-02, 1.14707865e-01, 6.19606644e-10, 2.67380416e-01,
       -5.54418527e-02, -1.34057656e-01, 7.05132261e-02, 8.00789520e-02,
       1.24992020e-02, -7.45705962e-02, 1.77972838e-01, -2.21725479e-02,
       -4.57085446e-02, 2.57021142e-03, 9.86108184e-02, -1.17121413e-01,
       8.21223706e-02, 8.68665874e-02, -1.77985094e-02, -1.54557228e-01,
       -6.19584495e-10, 1.14707865e-01, 1.55385556e-02, 7.74412528e-02,
       -1.33850742e-02, 7.05472305e-02, 8.85184482e-02, 3.26132551e-02,
       6.50005043e-02, 7.75640607e-02, 1.55977055e-01, 6.50100857e-02,
       -1.44392282e-01, 1.20454654e-01, 6.12122677e-02, -1.09267972e-01,
       -2.40451470e-01, -1.49709091e-01, -2.87783593e-02, 1.14707865e-01,
       5.10340381e-10, 2.72696227e-01, -1.11005180e-01, -1.20963901e-01,
       8.94661248e-02, 8.65902603e-02, -2.69842558e-02, -7.05538839e-02,
       1.91752911e-01, -3.00051887e-02, -4.65496071e-02, -5.02807647e-02,
       6.02009706e-02, -9.94313061e-02, -3.86212254e-03, 3.58559638e-02,
       2.87783593e-02, -1.49709091e-01, -5.10376075e-10, 1.14707865e-01,
       3.43190436e-03, -1.63328706e-03, -3.18609737e-02, 3.68794389e-02,
       4.33897898e-02, 2.26697568e-02, 1.84863582e-01, 3.62235531e-02,
       1.63429797e-01, 2.06896127e-03, -1.36036545e-01, 1.12393737e-01,
       2.52405386e-02, -1.64476708e-01, -3.30198437e-01, -1.39172927e-01,
       -7.77556598e-02, 1.14707865e-01, 3.74864223e-10, 2.79531807e-01,
       -2.16626421e-01, -6.40853643e-02, 1.34049386e-01, 4.10821661e-02,
       -9.47611034e-02, 3.09109222e-03, 1.36188120e-01, -1.69479027e-02,
       -1.87476203e-02, -8.50567743e-02, -5.37567660e-02, 4.23169173e-02,
       -2.71028951e-02, 4.36478518e-02, 7.77556598e-02, -1.39172927e-01,
       -3.74960785e-10, 1.14707865e-01, 2.34726146e-02, -8.26805905e-02,
       -5.36785871e-02, 1.38987368e-02, 2.67447587e-02, -7.04875961e-02,
       3.62037510e-01, -3.20535339e-02, 9.19311494e-02, 2.83808671e-02,
       -5.94167337e-02, 3.48850749e-02, 7.27529600e-02, -2.70485822e-02,
       -9.13369134e-02, -1.18860602e-01, -1.23219609e-01, 1.14707865e-01,
       2.09252143e-10, 2.10466892e-01, -2.49142691e-01, -3.96115035e-02,
       1.36407346e-01, -1.20824995e-02, -9.29845572e-02, 9.58321244e-02,
       8.98020491e-02, -8.48381072e-02, -3.44661884e-02, -7.97142684e-02,
       -1.80574477e-01, 1.80570483e-01, -3.79692689e-02, -4.11615148e-02,
       1.23219609e-01, -1.18860602e-01, -2.09405118e-10, 1.14707865e-01,
       -4.40950952e-02, 9.19009075e-02, -1.30063727e-01, -5.66985458e-02,
       7.49134570e-02, -5.03726788e-02, 2.95935094e-01, 1.09180935e-01,
       3.80171537e-02, 4.64382358e-02, -3.91444415e-02, 1.60332918e-02,
       1.49385884e-01, -4.91045639e-02, -9.00430977e-02, -8.73891711e-02,
       -1.55390531e-01, 1.14707865e-01, 2.73612487e-11, 1.05130978e-01,
       -1.80399403e-01, -2.13080645e-02, 9.26279128e-02, -2.17661224e-02,
       -5.77490106e-02, 1.41814426e-01, 3.34971659e-02, -1.41108260e-01,
       -7.66446963e-02, -4.16456349e-02, -1.60143241e-01, 2.07397819e-01,
       -1.37748346e-02, -9.19672549e-02, 1.55390531e-01, -8.73891711e-02,
       -2.75541638e-11, 1.14707865e-01, -4.83693257e-02, 1.45146593e-01,
       -1.84328422e-01, -7.65881836e-02, 4.35228273e-02, 3.10081290e-03,
       1.70068219e-01, 1.74428612e-01, 5.94818369e-02, -2.90586576e-02,
       1.13161718e-02, -7.33926669e-02, 7.41225258e-02, -1.29478872e-02,
       -2.60646679e-02, -4.70520109e-02, -1.79120928e-01, 1.14707865e-01,
       -1.71602288e-10, -4.79527656e-03, -6.16899878e-02,
       -1.85155030e-02, 2.54801996e-02, -1.26602612e-02, -7.84266181e-03,
       7.51997754e-02, -3.17874625e-02, -1.35037929e-01, -7.22601786e-02,
       -3.86202242e-03, -5.88199683e-02, 2.94616818e-02, -3.22159007e-02,
       -1.01993725e-01, 1.79120928e-01, -4.70520109e-02, 1.71379910e-10,
       1.14707865e-01, -2.60271970e-02, 9.97877121e-02, -1.99996755e-01,
       -5.13787121e-02, -6.33204430e-02, 5.78802191e-02, 7.52076656e-02,
       1.93018124e-01, 3.62150706e-02, -1.21919833e-01, 5.76753393e-02,
       -2.29275420e-01, -7.47187948e-03, 2.97884215e-02, 6.26476854e-02,
       3.89228198e-11, -1.87802151e-01, 1.14707865e-01, -3.66598890e-10,
       -5.31358235e-02, -1.23903652e-08, 5.92948246e-10, 1.31839517e-08,
       8.31649327e-09, 1.28400854e-08, -8.06372706e-03, 5.51006103e-08,
       -1.10828973e-01, -1.16611218e-08, -4.08689900e-08,
       -2.93112770e-08, 1.85844925e-07, -9.33941280e-08, -2.26658599e-07,
       1.87802151e-01, 3.56303077e-11, 3.66365743e-10, 1.14707865e-01,
       -5.34018652e-09, 7.78452158e-02, -2.01688915e-01, -3.39556001e-02,
       -9.58034918e-02, 8.09038356e-02, -1.44840456e-07, 1.95266485e-01,
       1.76562423e-07, -1.21876970e-01, 7.00699314e-02, -2.81518608e-01,
       -2.45534740e-02, 1.73518248e-02, 1.06522210e-01, 4.70520109e-02,
       -1.79120928e-01, 1.14707865e-01, -5.27703214e-10, -4.79527889e-03,
       6.16899729e-02, 1.85154993e-02, -2.54801922e-02, 1.26602473e-02,
       7.84296915e-03, 7.51998127e-02, 3.17875072e-02, -1.35038108e-01,
       7.22602531e-02, 3.86187620e-03, 5.88198826e-02, -2.94612590e-02,
       3.22157219e-02, 1.01993002e-01, 1.79120928e-01, 4.70520109e-02,
       5.27480781e-10, 1.14707865e-01, 2.60272119e-02, 9.97876078e-02,
       -1.99996442e-01, -5.13787158e-02, -6.33204132e-02, 5.78800663e-02,
       -7.52079487e-02, 1.93018183e-01, -3.62147763e-02, -1.21919654e-01,
       5.76754957e-02, -2.29275495e-01, -7.47160148e-03, 2.97882203e-02,
       6.26473650e-02, 8.73891711e-02, -1.55390531e-01, 1.14707865e-01,
       -6.34020947e-10, 1.05131060e-01, 1.80399284e-01, 2.13080849e-02,
       -9.26280022e-02, 2.17662174e-02, 5.77497296e-02, 1.41814098e-01,
       -3.34971473e-02, -1.41108543e-01, 7.66448453e-02, 4.16455716e-02,
       1.60143197e-01, -2.07397327e-01, 1.37743857e-02, 9.19668749e-02,
       1.55390531e-01, 8.73891711e-02, 6.33827990e-10, 1.14707865e-01,
       4.83692959e-02, 1.45146474e-01, -1.84328318e-01, -7.65881538e-02,
       4.35227938e-02, 3.10026947e-03, -1.70067653e-01, 1.74428597e-01,
       -5.94812222e-02, -2.90586241e-02, 1.13160312e-02, -7.33930245e-02,
       7.41226226e-02, -1.29480585e-02, -2.60642879e-02, 1.18860602e-01,
       -1.23219609e-01, 1.14707865e-01, -6.90313418e-10, 2.10466802e-01,
       2.49142617e-01, 3.96115780e-02, -1.36407420e-01, 1.20825404e-02,
       9.29849967e-02, 9.58316997e-02, -8.98019969e-02, -8.48385915e-02,
       3.44661586e-02, 7.97142982e-02, 1.80574507e-01, -1.80570662e-01,
       3.79692912e-02, 4.11612950e-02, 1.23219609e-01, 1.18860602e-01,
       6.90160484e-10, 1.14707865e-01, 4.40951213e-02, 9.19009447e-02,
       -1.30063847e-01, -5.66985570e-02, 7.49131888e-02, -5.03738187e-02,
       -2.95934767e-01, 1.09181352e-01, -3.80167477e-02, 4.64384221e-02,
       -3.91444750e-02, 1.60333738e-02, 1.49386138e-01, -4.91044372e-02,
       -9.00431052e-02, 1.39172927e-01, -7.77556598e-02, 1.14707865e-01,
       -6.78429868e-10, 2.79531717e-01, 2.16626361e-01, 6.40853718e-02,
       -1.34049252e-01, -4.10821401e-02, 9.47609469e-02, 3.09056812e-03,
       -1.36188090e-01, -1.69475637e-02, 1.87474769e-02, 8.50565583e-02,
