%YAML:1.0
Combiner: !!opencv-matrix
   rows: 136
   cols: 20
   dt: f
   data: [ -1.62878528e-01, 8.24373364e-02, 1.21267810e-01,
       -2.01995332e-09, 2.66234338e-01, 2.74188370e-02, 1.85942978e-01,
       -1.14430301e-02, -1.40045835e-02, 1.17063634e-01, 1.46489218e-02,
       -1.13629639e-01, 6.34029359e-02, 1.67107716e-01, 1.63723249e-02,
       1.11196190e-02, 9.33445841e-02, -2.89855804e-02, -2.71508135e-02,
       4.94007617e-02, -8.24373364e-02, -1.62878528e-01, 2.02000927e-09,
       1.21267810e-01, 4.35784236e-02, 2.73050964e-01, -3.71139832e-02,
       5.81434369e-02, -9.29933637e-02, 5.85396886e-02, -2.39796983e-03,
       1.20131791e-01, 1.04791209e-01, 2.03508645e-01, 1.64825112e-01,
       3.29192996e-01, -1.31768405e-01, -1.33876473e-01, 9.92094204e-02,
       -6.40298799e-02, -1.61718145e-01, 3.94547433e-02, 1.21267810e-01,
       -1.97900341e-09, 2.52460063e-01, 1.83663983e-02, 1.59503236e-01,
       -6.53775968e-03, -6.16212822e-02, 1.26602396e-01, 2.44741701e-02,
       -1.42099559e-01, 4.31077257e-02, 1.22221254e-01, 2.11820714e-02,
       3.95291261e-02, 7.96380565e-02, -1.41508244e-02, 2.69158874e-02,
       -1.94909982e-02, -3.94547433e-02, -1.61718145e-01, 1.97903005e-09,
       1.21267810e-01, 4.61485656e-03, 2.40918994e-01, -3.75015363e-02,
       5.70762791e-02, -9.15204287e-02, 6.70220330e-02, -7.29824528e-02,
       1.14612631e-01, 9.73272100e-02, 7.05687255e-02, 1.18006893e-01,
       2.87289023e-01, -9.64208320e-02, -7.76906535e-02, 5.55820912e-02,
       -2.67808922e-02, -1.56825706e-01, -3.14604188e-03, 1.21267810e-01,
       -1.89319271e-09, 2.44111165e-01, 2.62444606e-03, 1.48898154e-01,
       1.19007230e-02, -1.06009774e-01, 1.40465319e-01, 2.21828464e-02,
       -1.53458208e-01, 2.81502400e-02, 6.31271079e-02, 2.78544966e-02,
       4.49828021e-02, 9.18520987e-02, -1.35389613e-02, 6.27800152e-02,
       -6.90427274e-02, 3.14604188e-03, -1.56825706e-01, 1.89319049e-09,
       1.21267810e-01, -3.17081772e-02, 2.14633375e-01, -2.48498283e-02,
       5.84106781e-02, -6.65534884e-02, 6.61702529e-02, -1.54770523e-01,
       1.16839059e-01, 8.80080536e-02, -5.45909628e-02, 5.65443896e-02,
       2.26736829e-01, -4.96472716e-02, -1.61426105e-02, -1.33469766e-02,
       3.30610573e-02, -1.47560656e-01, -4.46347333e-02, 1.21267810e-01,
       -1.75523773e-09, 2.33755365e-01, -1.22511704e-02, 1.55112237e-01,
       3.29065286e-02, -1.30255669e-01, 1.33739427e-01, -3.62959504e-03,
       -9.83782336e-02, 8.11561383e-03, -2.77943201e-02, 1.83223616e-02,
       3.81334499e-02, 8.15033391e-02, -8.12287442e-04, 6.00870401e-02,
       -6.67768717e-02, 4.46347333e-02, -1.47560656e-01, 1.75520731e-09,
       1.21267810e-01, -6.08475395e-02, 1.97183788e-01, -1.30964424e-02,
       4.91870046e-02, -3.10167037e-02, 6.14849813e-02, -2.16250524e-01,
       1.06325842e-01, 7.21984431e-02, -1.31413758e-01, 3.52408970e-03,
       1.40718818e-01, 2.18539592e-03, 4.03180644e-02, -7.36916363e-02,
       7.66351223e-02, -1.30438060e-01, -8.30122158e-02, 1.21267810e-01,
       -1.52427704e-09, 1.99365079e-01, -2.91746557e-02, 1.54647291e-01,
       3.71784456e-02, -1.45156831e-01, 1.17777005e-01, -6.33729771e-02,
       1.01675908e-03, -3.34869809e-02, -1.56003162e-01, -1.59447920e-02,
       1.60647873e-02, 3.42535898e-02, 5.13477065e-02, 5.62733039e-03,
       -4.98723686e-02, 8.30122158e-02, -1.30438060e-01, 1.52422075e-09,
       1.21267810e-01, -7.44833648e-02, 1.81182817e-01, 3.59008997e-03,
       3.08926869e-02, 1.59851573e-02, 5.53738512e-02, -2.32158482e-01,
       4.96110432e-02, 5.82164228e-02, -1.48987889e-01, -3.48661095e-02,
       3.68727408e-02, 6.57500401e-02, 5.96286803e-02, -7.94465169e-02,
       9.71711203e-02, -1.04360320e-01, -1.15976483e-01, 1.21267810e-01,
       -1.18848920e-09, 1.44467384e-01, -4.01607566e-02, 1.24498963e-01,
       2.92087384e-02, -1.41573131e-01, 8.81924033e-02, -1.22097015e-01,
       8.89184400e-02, -1.01483420e-01, -2.42702976e-01, -6.19925410e-02,
       -4.31095324e-02, -1.86648909e-02, 1.03139251e-01, -6.08863719e-02,
       -4.40014526e-02, 1.15976483e-01, -1.04360320e-01, 1.18841037e-09,
       1.21267810e-01, -6.98364675e-02, 1.59541324e-01, 4.50956561e-02,
       2.13104510e-03, 6.83396161e-02, 5.22965826e-02, -2.13347286e-01,
       -2.65631862e-02, 5.73761053e-02, -1.21095814e-01, -6.16157986e-02,
       -7.00148270e-02, 1.18136294e-01, 3.13991718e-02, -3.40281501e-02,
       9.40053836e-02, -7.26260766e-02, -1.43226579e-01, 1.21267810e-01,
       -7.87924781e-10, 8.05517286e-02, -3.26475091e-02, 6.83354810e-02,
       2.83036139e-02, -1.14206016e-01, 4.15321365e-02, -1.42583728e-01,
       1.15816347e-01, -1.54052883e-01, -2.42329448e-01, -7.30007067e-02,
       -1.25490665e-01, -4.58431356e-02, 1.03348956e-01, -1.04634613e-01,
       -5.38442731e-02, 1.43226579e-01, -7.26260766e-02, 7.87827470e-10,
       1.21267810e-01, -5.03233224e-02, 1.25663891e-01, 1.10227972e-01,
       -4.39585671e-02, 1.20297208e-01, 5.10640256e-02, -1.69739202e-01,
       -9.50705931e-02, 5.60235009e-02, -8.24581385e-02, -8.90629068e-02,
       -1.31791458e-01, 1.34887531e-01, -8.75722151e-03, 4.15476784e-02,
       7.75707141e-02, -3.82955745e-02, -1.65024579e-01, 1.21267810e-01,
       -3.59401370e-10, 1.93961356e-02, -1.72662549e-02, 2.50323955e-02,
       2.37524342e-02, -6.32904395e-02, 1.10312551e-02, -1.49068877e-01,
       7.99923837e-02, -1.74956337e-01, -1.48351237e-01, -4.75100614e-02,
       -2.16192633e-01, -2.61620786e-02, 6.03845902e-02, -7.27669671e-02,
       -5.88669889e-02, 1.65024579e-01, -3.82955745e-02, 3.59289237e-10,
       1.21267810e-01, -2.18445752e-02, 8.51642042e-02, 1.57276377e-01,
       -9.95804369e-02, 1.60427779e-01, 3.95379737e-02, -7.86524937e-02,
       -1.23442158e-01, 3.17573100e-02, -4.15143035e-02, -1.22032188e-01,
       -9.99108553e-02, 8.25839862e-02, -5.87047152e-02, 1.27596349e-01,
       4.51618619e-02, 3.08508386e-10, -1.71553284e-01, 1.21267810e-01,
       1.07472350e-10, -2.89169722e-03, -7.81547715e-10, -2.80135870e-09,
       2.25161800e-09, 1.14714389e-08, -3.96878974e-08, -1.44941926e-01,
       -2.16303846e-07, -1.78006142e-01, 1.01428398e-07, 4.51778305e-07,
       -2.45617166e-01, -3.05757837e-08, 1.91288109e-07, -2.57655699e-07,
       -5.46784662e-02, 1.71553284e-01, 3.05230036e-10, -1.07588917e-10,
       1.21267810e-01, 4.04630274e-10, 7.42922053e-02, 1.68845102e-01,
       -1.22199200e-01, 1.71382815e-01, 2.48196758e-02, 4.47124471e-08,
       -1.30125001e-01, 1.15935677e-07, -1.83590055e-02, -1.40556052e-01,
       -2.49978228e-07, 6.16660453e-02, -9.03313309e-02, 1.61557153e-01,
       -3.59493612e-07, 3.82955782e-02, -1.65024579e-01, 1.21267810e-01,
       5.66166058e-10, 1.93961207e-02, 1.72662716e-02, -2.50323843e-02,
       -2.37524118e-02, 6.32905513e-02, -1.10313706e-02, -1.49068683e-01,
       -7.99927413e-02, -1.74956262e-01, 1.48351207e-01, 4.75106947e-02,
       -2.16192931e-01, 2.61620507e-02, -6.03842363e-02, 7.27665350e-02,
       -5.88663705e-02, 1.65024579e-01, 3.82955782e-02, -5.66278191e-10,
       1.21267810e-01, 2.18445864e-02, 8.51642638e-02, 1.57276288e-01,
       -9.95804667e-02, 1.60427764e-01, 3.95380072e-02, 7.86526203e-02,
       -1.23442307e-01, -3.17569673e-02, -4.15142700e-02,
       -1.22032508e-01, 9.99105573e-02, 8.25839788e-02, -5.87051287e-02,
       1.27596319e-01, -4.51623350e-02, 7.26260766e-02, -1.43226579e-01,
       1.21267810e-01, 9.67378067e-10, 8.05517435e-02, 3.26475166e-02,
       -6.83354661e-02, -2.83035971e-02, 1.14206098e-01, -4.15321887e-02,
       -1.42583653e-01, -1.15816794e-01, -1.54052466e-01, 2.42330000e-01,
       7.30011538e-02, -1.25490457e-01, 4.58432101e-02, -1.03348807e-01,
       1.04634494e-01, -5.38434200e-02, 1.43226579e-01, 7.26260766e-02,
       -9.67475322e-10, 1.21267810e-01, 5.03233373e-02, 1.25664026e-01,
       1.10228024e-01, -4.39585373e-02, 1.20297201e-01, 5.10640442e-02,
       1.69739217e-01, -9.50705111e-02, -5.60233556e-02, -8.24580118e-02,
