%YAML:1.0
Points: [ 5.95551086e+02, 1.04750015e+02, 5.95609741e+02, 1.20512711e+02,
    5.97229675e+02, 1.35265015e+02, 5.97609131e+02, 1.49968643e+02,
    6.01519348e+02, 1.68230331e+02, 6.06842712e+02, 1.83630371e+02,
    6.20524536e+02, 2.05723953e+02, 6.35509949e+02, 2.16298035e+02,
    6.55217590e+02, 2.17752609e+02, 6.69694702e+02, 2.14673447e+02,
    6.81254456e+02, 2.06570953e+02, 6.92198120e+02, 1.97997513e+02,
    7.02569153e+02, 1.83451355e+02, 7.10120605e+02, 1.68377121e+02,
    7.13988098e+02, 1.50135757e+02, 7.15119446e+02, 1.30159821e+02,
    7.14200562e+02, 1.10846268e+02, 5.98383240e+02, 9.36153336e+01,
    6.02874512e+02, 8.87789688e+01, 6.09909790e+02, 8.48048859e+01,
    6.17767578e+02, 8.45315704e+01, 6.29342285e+02, 8.90661011e+01,
    6.52909363e+02, 9.07062607e+01, 6.59869812e+02, 8.61827011e+01,
    6.69009583e+02, 8.45686417e+01, 6.79363342e+02, 8.69450989e+01,
    6.90546753e+02, 9.42443390e+01, 6.38928589e+02, 1.05500603e+02,
    6.38560059e+02, 1.14969666e+02, 6.37990967e+02, 1.24288887e+02,
    6.36434326e+02, 1.34036514e+02, 6.28755249e+02, 1.46080948e+02,
    6.34836792e+02, 1.47929688e+02, 6.40432617e+02, 1.48920761e+02,
    6.46697021e+02, 1.47637604e+02, 6.54899963e+02, 1.45250671e+02,
    6.05622070e+02, 1.09504593e+02, 6.12467285e+02, 1.05943802e+02,
    6.20973755e+02, 1.05100670e+02, 6.28502502e+02, 1.10451401e+02,
    6.20960388e+02, 1.13625557e+02, 6.13352661e+02, 1.13709496e+02,
    6.56217163e+02, 1.10320534e+02, 6.64290405e+02, 1.03727791e+02,
    6.72530579e+02, 1.03747345e+02, 6.83320618e+02, 1.10033974e+02,
    6.72205627e+02, 1.13331329e+02, 6.64847839e+02, 1.14393105e+02,
    6.24715881e+02, 1.71969193e+02, 6.31921692e+02, 1.63796692e+02,
    6.37225708e+02, 1.60617386e+02, 6.42155518e+02, 1.63224335e+02,
    6.47305786e+02, 1.60648392e+02, 6.57365784e+02, 1.65245361e+02,
    6.76754883e+02, 1.74488007e+02, 6.59124878e+02, 1.74119675e+02,
    6.51306458e+02, 1.74864761e+02, 6.44609497e+02, 1.75107559e+02,
    6.39322632e+02, 1.75293732e+02, 6.32734070e+02, 1.74768982e+02,
    6.44006226e+02, 1.68021515e+02, 6.43803894e+02, 1.67948685e+02,
    6.43756958e+02, 1.68388107e+02, 6.44019958e+02, 1.68033737e+02,
    6.43855164e+02, 1.68240387e+02, 6.43960327e+02, 1.68011200e+02,
    6.43765869e+02, 1.67998825e+02, 6.43742798e+02, 1.68141861e+02 ]
