%YAML:1.0
Points: [ 5.55108643e+00, 2.97500153e+01, 5.60974121e+00, 4.55127106e+01,
    7.22967529e+00, 6.02650146e+01, 7.60913086e+00, 7.49686432e+01,
    1.15193481e+01, 9.32303314e+01, 1.68427124e+01, 1.08630371e+02,
    3.05245361e+01, 1.30723953e+02, 4.55099487e+01, 1.41298035e+02,
    6.52175903e+01, 1.42752609e+02, 7.96947021e+01, 1.39673447e+02,
    9.12544556e+01, 1.31570953e+02, 1.02198120e+02, 1.22997513e+02,
    1.12569153e+02, 1.08451355e+02, 1.20120605e+02, 9.33771210e+01,
    1.23988098e+02, 7.51357574e+01, 1.25119446e+02, 5.51598206e+01,
    1.24200562e+02, 3.58462677e+01, 8.38323975e+00, 1.86153336e+01,
    1.28745117e+01, 1.37789688e+01, 1.99097900e+01, 9.80488586e+00,
    2.77675781e+01, 9.53157043e+00, 3.93422852e+01, 1.40661011e+01,
    6.29093628e+01, 1.57062607e+01, 6.98698120e+01, 1.11827011e+01,
    7.90095825e+01, 9.56864166e+00, 8.93633423e+01, 1.19450989e+01,
    1.00546753e+02, 1.92443390e+01, 4.89285889e+01, 3.05006027e+01,
    4.85600586e+01, 3.99696655e+01, 4.79909668e+01, 4.92888870e+01,
    4.64343262e+01, 5.90365143e+01, 3.87552490e+01, 7.10809479e+01,
    4.48367920e+01, 7.29296875e+01, 5.04326172e+01, 7.39207611e+01,
    5.66970215e+01, 7.26376038e+01, 6.48999634e+01, 7.02506714e+01,
    1.56220703e+01, 3.45045929e+01, 2.24672852e+01, 3.09438019e+01,
    3.09737549e+01, 3.01006699e+01, 3.85025024e+01, 3.54514008e+01,
    3.09603882e+01, 3.86255569e+01, 2.33526611e+01, 3.87094955e+01,
    6.62171631e+01, 3.53205338e+01, 7.42904053e+01, 2.87277908e+01,
    8.25305786e+01, 2.87473450e+01, 9.33206177e+01, 3.50339737e+01,
    8.22056274e+01, 3.83313293e+01, 7.48478394e+01, 3.93931046e+01,
    3.47158813e+01, 9.69691925e+01, 4.19216919e+01, 8.87966919e+01,
    4.72257080e+01, 8.56173859e+01, 5.21555176e+01, 8.82243347e+01,
    5.73057861e+01, 8.56483917e+01, 6.73657837e+01, 9.02453613e+01,
    8.67548828e+01, 9.94880066e+01, 6.91248779e+01, 9.91196747e+01,
    6.13064575e+01, 9.98647614e+01, 5.46094971e+01, 1.00107559e+02,
    4.93226318e+01, 1.00293732e+02, 4.27340698e+01, 9.97689819e+01,
    5.40062256e+01, 9.30215149e+01, 5.38038940e+01, 9.29486847e+01,
    5.37569580e+01, 9.33881073e+01, 5.40199585e+01, 9.30337372e+01,
    5.38551636e+01, 9.32403870e+01, 5.39603271e+01, 9.30112000e+01,
    5.37658691e+01, 9.29988251e+01, 5.37427979e+01, 9.31418610e+01 ]
